0.00636758270588517
-0.00879592485688491
-0.0065352168421649
-0.00610445188659309
-0.00310179812902517
-0.00183070677889557
-0.0103468667589737
-0.00200316451648991
-0.0107655110256962
-0.00227564143234321
-0.0102802060359694
0.00624742077712476
0.00680517139293541
0.000356428638805972
0.000674451073535309
0.00562161335916406
0.00214167165709794
0.00663953716323989
0.00808879238805854
0.00336925295451312
0.00116180799842075
-0.00274113832609973
0.00277682238444571
0.00616827498062628
-0.00218574499628815
0.0036200385845197
-0.00230634314620221
-0.00244752706233337
0.00213285375011513
5.71445763450362e-05
0.00612723241217322
-0.00108404680789126
-0.00259602343520043
-0.00316160727884801
0.00171310363735061
-0.00631554140664931
-0.00630277819003949
0.00188710234351092
0.00108536896440242
0.000598390389049464
-0.000387398708206754
-0.00230872738776083
0.0004356121994194
0.00385468240861103
-0.000262464593377143
0.00100345054683842
0.0029734526860648
0.00232290778544825
0.0038075499491334
0.00109065609189668
-0.00104856387643376
-0.00943750810696825
-0.0120355514787654
-0.0103444613732526
-0.0118391540857138
-0.0167354746339447
-0.0108389722245888
-0.0116429936623532
-0.0202129108284426
-0.0157105611091108
-0.0117858347597038
-0.00974139456458206
-0.00429602416995206
-0.0108076861219755
-0.00713012440068467
-0.013846281506613
-0.00654453273160044
-0.0103585447437947
-0.0102948420586935
-0.00561433572511677
-0.00627090481753817
-0.00237714984856868
-0.00444494306414761
-0.00664863819370726
-0.00401815721175375
-0.0078908021626532
-0.00358944225289565
0.00148003823553572
-0.00669769534054415
0.000161117501505215
-0.00115436415091824
-0.00586218029499336
0.00247457678779922
0.00241549375188505
0.000527675253595705
0.000987982935820642
-0.00606639120472025
-0.00232056460348645
0.000211635726466375
-0.000953285141149618
-0.0010826847286533
-0.00347282836371648
-0.00274439641748442
-0.00225493191268084
-0.00209401259564673
-0.00816355364513338
-0.00704057516381112
-0.000220010624941758
-0.00235811487511689
-0.00164490112892884
-0.0103413748361822
-0.0109329194507193
-0.00639431797127138
-0.00516402667052202
-0.00956954613445254
-0.00626900341330899
-0.0093696872281655
-0.00962797096933804
-0.007852519955799
-0.00575851737215211
-0.00779611623359883
-0.0134005176000654
-0.020515903687266
-0.0183090705400742
-0.0211987442407819
-0.0160332221526042
-0.0190183947844954
-0.0236298584973555
-0.0188400378386871
-0.0193235739991549
-0.0149883315678453
-0.0125971973611712
-0.0153274293320012
-0.0109150127409005
-0.0198328128068153
-0.0174850305674581
-0.0172437378853381
-0.0155449011682487
-0.00968720761715597
-0.0184106579483427
-0.0148535629786485
-0.00714371370185135
-0.00901250382204771
-0.0118427903561067
-0.00540414848119292
-0.00854891439806121
-0.0127275143205373
-0.00474958638712458
-0.00968286940609092
-0.00478232608966983
-0.0101961951520552
-0.0143329292900059
-0.0146004469635114
-0.0175960243776019
-0.0122263335071929
-0.0138848433430345
-0.0142701928985101
-0.0158685206027296
-0.0185757487168031
-0.0143741750759394
-0.0154795847426093
-0.0065680357927696
-0.0110502821004454
-0.00582124125134992
-0.00528340579310321
-0.00469347971758077
-0.00414046051575828
-0.00443676168739621
-0.00299062485918228
-0.0106721529408991
-0.00538565288680609
-0.00488534735750051
-0.0049552068802306
-0.00645134160746125
-0.0043899122620748
-0.00208125931219222
-0.00656093037567645
0.000328930115027271
0.00207077830750574
0.000395359125619776
-0.00256932886706357
-0.00964852872142713
-0.00706348384107675
-0.00330781236819905
-0.00363337983524353
-0.00252473776207213
-0.00884770409827323
-0.00830753760299302
-0.0081733965597493
-0.00248732799572154
-0.00705245480737132
0.00240060541346282
0.00871521483663479
0.0107240289522213
0.011730063764884
0.00586475901915234
0.00697604909761312
0.0111167196390047
0.00707715857896135
0.00919150131689389
0.00722256351504397
0.00682307895256712
0.00683767643403305
0.00518873113802515
0.000101573693271406
-0.00175812980708806
0.00654454420603906
0.00665599045647464
0.00609802546109467
-0.000215870444435218
0.00608731454385586
0.00766152857797558
0.00123502329948627
0.00569020304207007
-0.00147406165234626
0.00501784423519064
0.00408148037097839
0.00289785553722083
0.000964419437610109
0.00761717749439533
0.00585103239962009
0.00400357689766812
0.000895630659726476
-0.00102860337309668
-0.000596058478383787
0.00308661439555807
0.00480368584868623
0.00119087755570707
-0.00296374568947505
0.00104957872900474
0.00492210689364708
-0.00493723209189129
-0.00123009775392197
0.00056817661761005
-0.00467987948573151
-0.000863139718075223
-0.00506365250707569
-0.000681483054476184
-0.00191259217675649
-0.00163683287360167
-0.00384890725126225
0.00367667117227216
0.00013245614954055
0.00268899384472282
0.00612439922559355
-0.00185687259110384
0.0045219445921178
0.00513154765053742
0.00519832065504838
-0.00275681316486637
0.00466134842057336
-0.0300194338268974
-0.0302249080655448
-0.0298631345550202
-0.0213565766787605
-0.0264550913303415
-0.0253422081156694
-0.024034669714262
-0.0289529074367053
-0.027843059598443
-0.0242822772581384
-0.00232181145959115
-0.00108943848576931
0.000261142890374211
-0.00254225362085786
0.00492150937827979
-0.00339406053153896
0.00239378790065031
-0.00356998952232951
-0.001749896022257
-0.00295768689157466
-0.00624273821389226
-0.00620979527400695
-0.00716252971314363
0.00384332090976996
0.00363364114882553
0.00217693204102715
-0.00562612360716935
0.00162571798319583
0.00309900520007517
-0.00253134784968162
-0.00371680749709619
-0.00502196988590203
-0.00569625861626405
-0.00788001837103885
-0.005650371718318
-0.00641043978738648
-0.0118360177479275
-0.00687000325377413
-0.00913962641642269
-0.00348686042132368
0.020376963246853
0.0177378622059649
0.0193141845331785
0.0106302768347699
0.0117580889108514
0.0172699338163307
0.0179019154177529
0.0145834812510793
0.0194707600703503
0.0152462173061075
0.0148667872124588
0.00799891411237158
0.010782787415779
0.0112426622071436
0.00885774358112695
0.0119760054795819
0.0095965116844447
0.0097566233036373
0.0166903401746327
0.00679809908095236
0.0297115925118277
0.0242184444231742
0.028826276639445
0.0244226595047634
0.021355454573587
0.021429636761892
0.0257347993308127
0.0268381528968828
0.0282194715221519
0.0244822027992899
0.0365688985615847
0.0404532155815008
0.0364230007603665
0.0421921761543205
0.0332011839625629
0.0377563097637424
0.033340067512953
0.0354453339049709
0.0419099760936186
0.0403619302759059
0.0457367864104074
0.0395651945170023
0.0447625863310713
0.0409712724284774
0.0399940633231313
0.0379618976890423
0.0438383805799104
0.0470108736898273
0.0404976454550065
0.0369661702203478
0.0564253381509019
0.056372193553789
0.0475819622928099
0.0564983360699712
0.0483590144663663
0.0550057277182206
0.0521011861419151
0.0569305961826949
0.0544975390226762
0.0545589315789007
0.0592482886826737
0.0681728890154508
0.0684919582629226
0.0643829988962105
0.0608784773836039
0.0666999430043961
0.0656282255069112
0.0607783715235693
0.0606875712591369
0.0685654705111765
0.0716874453803645
0.0756789729724128
0.0743116949190304
0.0769396651359258
0.0763031746205909
0.0679329560793722
0.074129168000713
0.0742648046473213
0.0728016776249708
0.0755772582214259
0.0850973667098252
0.0763296251924606
0.0765613268222875
0.0742710350496223
0.0829558877916431
0.0804699726804727
0.0807279041001293
0.0741888060989634
0.0750055349165382
0.0804800218371428
0.0971179544412832
0.090699296002046
0.0923523033909432
0.0907547737336239
0.0977116361333404
0.0998740101518981
0.0978844864275479
0.0935393000112647
0.0997200174994641
0.0982681475023087
0.103887888522055
0.100853455453008
0.102284443127139
0.0950925832550319
0.0963489792190326
0.101347596374205
0.0971642566292236
0.0959210264461312
0.0954142545907591
0.0988131255276798
0.110169812563764
0.102286494720208
0.102609347028402
0.102903345688907
0.106252664653902
0.10636283931928
0.105158718093739
0.108966272534287
0.104980404707639
0.105014904760876
0.119711943187167
0.121461598261295
0.125264815359169
0.12430312256934
0.123213873830829
0.116633593521238
0.122733633090264
0.123913795914797
0.122817739472882
0.11623973167991
0.120888669728278
0.120964636217788
0.115942476811683
0.122429586392113
0.12197183670218
0.118443622247211
0.117937480780583
0.116127723370685
0.124816856198292
0.125850549611198
0.123227354367967
0.130504533902478
0.130905227808635
0.126582224685817
0.127936164858179
0.121775496609109
0.12148294699521
0.123916399807846
0.126174927002071
0.128425960953459
0.143131996583206
0.137020615285735
0.136107355634654
0.142075128917537
0.133629478869466
0.141950777991596
0.135805908541421
0.136587760697001
0.1369757492207
0.134235181766397
0.140195502433669
0.139963449976181
0.140157887517183
0.139284168206727
0.136044939151866
0.140194238712118
0.142490799065593
0.138161831614762
0.141411681693578
0.144465306848607
0.134977075083166
0.141813217331829
0.142823843274131
0.136074498918745
0.143245956512646
0.133638807138832
0.143080906217491
0.139680107647056
0.137035205182594
0.139885997174797
0.150767649162279
0.147195204223446
0.142201269766909
0.147824198207274
0.143351496109681
0.144875070965506
0.150976858412186
0.148683328520591
0.143202638049329
0.141823162838917
0.155007292789616
0.153763786828001
0.155529729813969
0.154198789705423
0.155129490122589
0.148616352148155
0.155882375620137
0.146942577966071
0.149253265061599
0.153803094319305
0.150159253793231
0.144966514166362
0.151246821766048
0.151032719916815
0.150957575565042
0.150595391867225
0.145512840645852
0.150893716039818
0.145420915179146
0.145350063623277
0.161649303120216
0.155788715955266
0.163626603662587
0.156395005095265
0.161151890761202
0.161306478681103
0.162275581574778
0.165025388425564
0.162345733473694
0.162267751026969
0.153515454312109
0.160691818332102
0.159862638647811
0.159196401451615
0.160442594559842
0.158484253807268
0.158765758978697
0.154168435035284
0.153662786650104
0.159377208848765
0.157547856517932
0.160112475426091
0.150069036434779
0.150132255968464
0.159505601618053
0.158123485848002
0.156942563044588
0.155769403673781
0.155011812668596
0.151697239986364
0.160375629929039
0.162349499489984
0.156212869950552
0.159887367914797
0.15538276906244
0.158210997175816
0.152124266694353
0.15779441389722
0.159825932638583
0.160918471632764
0.159650545561268
0.16469280870506
0.163807510708053
0.162354996142256
0.162168771601036
0.156274534343094
0.161974132831843
0.158337702971666
0.156987385029242
0.159876723362166
0.160174991761378
0.163366913444142
0.163349409487648
0.162086002856318
0.163842608315693
0.156142507861633
0.160997661615628
0.157217066744669
0.162760208457746
0.162486511046356
0.17253719802003
0.174813712842233
0.165035514203242
0.165471996707489
0.170699149664336
0.170494027386317
0.168616505185003
0.165229183481686
0.171172784720512
0.172529130863756
0.174956839010606
0.175707565096259
0.176315918464956
0.170229057392437
0.168016987571533
0.174864886311486
0.173506706384279
0.172660354842829
0.171180370818103
0.176128748641529
0.160343475950207
0.165666775707281
0.164096090992282
0.16752069276901
0.159979367963427
0.166325473541655
0.169747096567196
0.16488114319338
0.167719247429664
0.162993623484855
0.181051514449149
0.180338199396443
0.188604182693559
0.187815294015789
0.178850010708381
0.181861190886075
0.187529985496697
0.179086198518127
0.17975702866218
0.185895497062741
0.175975256717945
0.182276997775299
0.176227097854753
0.180407135471939
0.176600839356448
0.186873130904555
0.180394418216985
0.185267082171145
0.183680522058768
0.1810505234583
0.196515373167866
0.193935070890904
0.193426113122336
0.194890525186213
0.193723066718152
0.189560689887407
0.189825065553815
0.19479814819058
0.19484105948447
0.193918900055537
0.188237212702578
0.189096195770705
0.192032883051088
0.192389042921139
0.190463844300997
0.191740107841289
0.195876309193343
0.192058523907721
0.192644080456404
0.186565964925811
0.186366053383462
0.182790308244939
0.182921129530601
0.186217441370117
0.186964593199678
0.187865618844892
0.180449022191785
0.189934460994832
0.182842460227614
0.181083026601277
0.183267145631786
0.191462984254929
0.182921369836878
0.191617900597557
0.187386686224128
0.187854538405105
0.181896283606234
0.184936600121581
0.181360208223583
0.185108563822305
0.169952098302134
0.174756828356677
0.177104105443777
0.175514915846205
0.17422050683534
0.177911857230785
0.168932804706722
0.170176715868759
0.174828351948363
0.175158028546467
0.163476602812629
0.166790910559384
0.164857973056844
0.159583121926729
0.169600980683476
0.160822843711978
0.164431309410602
0.166906681550855
0.160572056751503
0.167338119038414
0.155049209277387
0.1530134106223
0.155725832504672
0.150232105640895
0.152150572130335
0.150105390382152
0.149941943272018
0.155154293290828
0.155055837499301
0.156185777001873
0.153860941178004
0.149736999180462
0.14696291594274
0.150791528752183
0.145914582514106
0.150357016339481
0.149056920673946
0.145374206268436
0.153450709492882
0.15532701860363
0.137388664096291
0.14033859410884
0.133861541717173
0.141572867884289
0.137139211718946
0.135136367024443
0.138736126956084
0.138984218611195
0.137674697285345
0.136465037791979
0.13001350772993
0.138329793482161
0.139205070262221
0.133954470835615
0.139108774927953
0.132968742860059
0.128739068878708
0.128266631571211
0.136060648347638
0.128192410998438
0.122848769819188
0.122335356055265
0.128009338401534
0.121234982300486
0.122215296773648
0.118870200792502
0.122284491564684
0.126020697820785
0.128993965403044
0.128398261933918
0.124327650026427
0.115959989189782
0.124928120046158
0.124546788585987
0.126639752134973
0.125311899165278
0.124441466254153
0.120271319873205
0.121553954045792
0.120907989897373
0.124803339500626
0.117830610034133
0.12471422608604
0.118133720740605
0.123080802826579
0.122517250025001
0.126188373608145
0.127330457645688
0.119298423260439
0.118116862600328
0.117957942747252
0.115583002318235
0.119503221391612
0.113441272579602
0.121024325882858
0.112093990985767
0.121423548470931
0.114874050217624
0.118823677631692
0.120505663198455
0.111853914336107
0.118423750280356
0.118015418405035
0.119320424197419
0.111646861798579
0.112447131701113
0.114508532994324
0.1171466599694
0.116655896185452
0.116042534029088
0.115486774728267
0.109034709014873
0.112285311260835
0.111818737387592
0.114136051022364
0.112429343194605
0.111894743700724
0.109326919093376
0.114400381745393
0.109132872926794
0.116548210908887
0.118773266474469
0.115869313408806
0.113520698820818
0.111921956912851
0.118966525450592
0.114566497789301
0.111022426327172
0.113516448823608
0.11306363871198
0.103670527008216
0.112324979092919
0.109471355524078
0.106475811259994
0.108526254709328
0.110061926306949
0.1049839181606
0.104251270907832
0.109748740556252
0.106241684199834
0.102909890738686
0.0990191890328777
0.104310264153511
0.10335891726994
0.101696985323842
0.0995945671176602
0.101655768803465
0.0965913127556675
0.100675326139075
0.0995874548067723
0.0990065819282043
0.104701645643508
0.103804077222973
0.106365515232563
0.10526731398315
0.106008265569068
0.106300728792058
0.102515005689493
0.106807611925814
0.1065942060418
0.11181287418781
0.104017143368499
0.112206866200168
0.106075075805923
0.103931329683868
0.104204181115208
0.11103754691984
0.110920741218332
0.114556720374326
0.104635543805136
0.114096783607211
0.113583309606151
0.105500738065759
0.10950695385316
0.109517074760657
0.115906224219549
0.111323843804543
0.113692328271068
0.11557825643733
0.113965385266461
0.111201649121701
0.111141065003287
0.115955666398133
0.109024709681259
0.113548211445072
0.111175923816525
0.116707028081626
0.107284111723911
0.10790813010593
0.111352946653401
0.10981319931802
0.106729382441251
0.10430830157181
0.101869409712319
0.101897301093983
0.104154435898013
0.104818308861171
0.103169732847701
0.104010535885755
0.103149955325103
0.103544204208512
0.101367188506816
0.109006660577189
0.108926048712037
0.103719152670386
0.11098701155254
0.105323351819144
0.108392423628932
0.110022013758861
0.105070502383164
0.114467680468115
0.121505370816361
0.11348548980371
0.116226196536719
0.121329988501578
0.1188764184276
0.114543633117197
0.115147848033232
0.119779507592397
0.118502710126816
0.121523503098804
0.119207960229995
0.121118796041613
0.120007206380917
0.113785486421251
0.119651607466926
0.122765656288878
0.120848200205486
0.122469711161013
0.116211553554581
0.117146449632745
0.118384261949316
0.123914599315051
0.119939487415491
0.118747210389357
0.121781975636083
0.123998404554195
0.120367883610652
0.121280395401438
0.121852983786186
0.114192213624549
0.118423683684698
0.119315825377604
0.119195304537673
0.118686560688744
0.123494395935601
0.118891184916181
0.117599576591799
0.120932470552002
0.116470588542258
0.113739914365561
0.118261917407986
0.115353382788328
0.117521037086417
0.121007475189179
0.117324910490759
0.111941673275033
0.119799865827388
0.122360201251713
0.115012225537376
0.115576733750023
0.108199980479024
0.114247297273945
0.110017676207355
0.111771571541746
0.11346071347795
0.11306390639556
0.117841702919746
0.114845708221706
0.112863734603686
0.126565289702677
0.124435922681037
0.123005820986005
0.130563027361045
0.127695009065131
0.128136285721119
0.130289097986025
0.122618407356668
0.129776896748239
0.129430797244069
0.12781628109793
0.136964066261473
0.130286196657391
0.130739376026979
0.133432736200553
0.12936365957158
0.130374077557062
0.133027362530245
0.128066526828188
0.129102788705638
0.125698351361489
0.119319660693668
0.125266182059782
0.126965071395387
0.117788108132587
0.12593702373498
0.124207161081689
0.120817642741797
0.124725098134483
0.125850133088155
0.117715862477909
0.114194779121961
0.119159167714397
0.11638315336261
0.117128746221421
0.123274215718842
0.118791424170978
0.116332474606169
0.12374578684104
0.122968127798865
0.134699836439225
0.131456296582924
0.127024780977246
0.12830410815048
0.132491383828167
0.130630143410209
0.132432783971855
0.133549480035486
0.130389800765307
0.131821748845906
0.138211816740145
0.143681279302075
0.140588205714286
0.142071583061996
0.144094584277736
0.144939138831874
0.142895230164612
0.142392735557981
0.142455384970625
0.140047337417628
0.150037692392823
0.146426869562499
0.14150229443582
0.143357327568891
0.150677010545069
0.14379208523126
0.141142468954553
0.151140162189653
0.142439510967804
0.146459229084558
0.165335442870741
0.16967035595153
0.168779938261026
0.167557949862193
0.166554509129893
0.17352189179002
0.167288561194644
0.16907967796651
0.164762393102436
0.166655170306056
0.193130002560388
0.186225261547285
0.192634321538463
0.189437965707233
0.182749220112744
0.1930157171573
0.184838796572091
0.191461082504757
0.18319602177866
0.183081341358309
0.21084634528713
0.215231053594033
0.210004180937596
0.209592900752229
0.21245341518281
0.213085603335323
0.215777658943753
0.211709467741599
0.218888198465019
0.217438125429205
0.23583642250448
0.238900396975608
0.236336695907939
0.239568316483876
0.234516784231209
0.238623783704566
0.236492429984577
0.235672570396349
0.242675314887394
0.232178271950901
0.246829489131984
0.249413137673701
0.251668097303653
0.251001690565907
0.244075577794175
0.251936447755173
0.244473260864726
0.246720193583868
0.249109624963301
0.253131463504529
0.264485935148794
0.261880900546887
0.254432706039686
0.256822490279322
0.253961226173189
0.262691215666497
0.265117376730895
0.26369805397448
0.264082451773796
0.254451206528967
0.273055722283659
0.270401853626695
0.268299733196846
0.26936621481003
0.275784016631228
0.27225455001197
0.266777946309128
0.271654053891587
0.267077703143921
0.273143815767369
0.263243898130722
0.255943319944509
0.26030183332004
0.254137600099773
0.252989818423904
0.257648576706897
0.262410491604642
0.2614334877845
0.257885762979373
0.262690638912265
0.269220217875957
0.263907366488922
0.266625843873435
0.271338230864989
0.269823173733589
0.267625715298029
0.269294624571601
0.268646464659129
0.262503065800485
0.270221095049595
0.25633411395438
0.265026449298626
0.257642380181509
0.257748806789064
0.255769858857091
0.25722225079439
0.262859131396507
0.257215477543931
0.258874525363814
0.264460730667823
0.250800491496893
0.248177080518091
0.24888910295526
0.249447064903905
0.250485693458252
0.244963643338742
0.243237677803494
0.245420337611037
0.241378203470781
0.24851798642485
0.246159608838274
0.247909996715409
0.243888915134017
0.248104270866753
0.242594689660576
0.248124252119624
0.246216510288337
0.247210319957259
0.246449036027077
0.238991548633454
0.235029791182023
0.22876556697599
0.227548956220599
0.228549016048258
0.226946514020777
0.227422950429263
0.234600625101769
0.229859674911016
0.229985538366039
0.225187103447914
0.210552287981053
0.2043302917459
0.214102903970478
0.206101424304814
0.205252552125693
0.211100976208116
0.210732567362761
0.207946003428884
0.207990515512458
0.214395405614692
0.211101525003973
0.212840226700054
0.214289759066984
0.209848857964668
0.212802978927125
0.214585820123468
0.207732959096143
0.211192151384329
0.214605233803049
0.214844290010047
0.211133130211818
0.208053887951753
0.211231499405896
0.208998756223356
0.204608833196825
0.21409229101608
0.213631150454261
0.211906854855234
0.207109470998776
0.208764523782789
0.190713762592172
0.186124046521576
0.189335789727206
0.187193889252784
0.18630661373629
0.185343216545225
0.18437323197826
0.186784989565118
0.184041061369006
0.189096776985146
0.187456701220001
0.186723715075077
0.190446709085235
0.192569409527045
0.187137389626638
0.18591052085696
0.191801073026756
0.186656818336065
0.186761196505411
0.18888830517951
0.181061641610059
0.181440208175282
0.176884421277452
0.179134845221992
0.17637739565444
0.178498807197553
0.182953702858354
0.175296008517102
0.173324728652296
0.177567179579141
0.148677506225916
0.151865001501058
0.156666181992934
0.155712910821718
0.157326675445193
0.153907655938541
0.149829759439395
0.148085556173607
0.154487259329021
0.152373250657025
0.145133372064605
0.146376434636771
0.142695838148522
0.147960304366246
0.143151409564386
0.142360388806918
0.147441528892263
0.149821645620684
0.147839230388429
0.143649248612765
0.140305622337314
0.137392242126353
0.144669121962601
0.139715757275105
0.136515640049519
0.139168931199034
0.144049311213184
0.136129101993752
0.140677343597006
0.13977536762804
0.128098282132137
0.133175591871042
0.129207711087801
0.133388853850012
0.13071991584516
0.128631188816904
0.133226382961865
0.133971955045782
0.126257319857101
0.135271142344152
0.115356162748515
0.1150241929902
0.115645200969181
0.113685284704335
0.120924113181373
0.120421382258529
0.120686146866641
0.117791444088321
0.116925714128289
0.111938160186457
0.115514147445061
0.109321492666988
0.107390146356023
0.116760809738033
0.115175569421592
0.115534379542975
0.115961981262071
0.115889466510418
0.107840260098658
0.107939406234767
0.0983857843954418
0.0955318193637441
0.0927443232668435
0.0950350763247722
0.0962174815274781
0.0988408483992645
0.0955935575303477
0.0922102096678201
0.0965624554162159
0.0928945328880155
0.095933145950954
0.0926480002157447
0.0912996970553336
0.0970073490096694
0.0952885207301695
0.0987908908416311
0.094280737643253
0.094748167151452
0.0891332306927076
0.0948027722100298
0.0916326896387658
0.0938424439169226
0.0894230413790052
0.0936444951259973
0.0901408527670088
0.0958024332686556
0.0865591813887116
0.0967769526160341
0.0909025904151078
0.0956496826193708
0.0753331936187886
0.0805900280757391
0.0808231394713438
0.080605937394726
0.082106540881896
0.0816903961260794
0.0803106918649301
0.0764031025914284
0.0842939249818861
0.0814033121772542
0.0736786979619622
0.0731684190125402
0.0752974258132751
0.0738287354308643
0.0663123539055627
0.0747742315239212
0.0711034005292681
0.0705865114812163
0.0709409932139717
0.0683656220378937
0.0716226138490394
0.0677192255038481
0.0702971631922407
0.0742590869578475
0.0753953169178718
0.0734066460915584
0.0712610525437559
0.0753823812141625
0.076511461371471
0.0708146755175479
0.0685563403132469
0.0613961947308785
0.0617149343879291
0.0679089543948239
0.0640741001830071
0.0610951774552299
0.0590684652152326
0.0680418490477402
0.0666544905360861
0.0687528537171355
0.0550742758208445
0.0509083081616195
0.0483279007936778
0.0559326699725977
0.0511372254411819
0.0489482355697443
0.049017496487904
0.0499185093596385
0.0512509151411248
0.0455283067812197
0.0537519226849897
0.0572257797709444
0.0488518729774575
0.0558137086969424
0.0504903851747981
0.050278092413246
0.0585950270917477
0.0522065006845979
0.0589070580057655
0.0586032969622136
0.0457376627556623
0.0464635329309442
0.0406884452723785
0.0412178993545873
0.0466786956778204
0.0382130218134965
0.0410623794324653
0.042994832981105
0.0455914674912942
0.0458477538956152
0.0418964706250897
0.032889526857018
0.0356302006062828
0.0422547547713417
0.0366377739911927
0.0343642951093947
0.0319079737697246
0.0347982174356374
0.0326238355659099
0.0393408766203349
0.0459788643230553
0.044090727717722
0.0456458848254651
0.0479908278634941
0.0494310254330293
0.0447068885603674
0.0471383517705582
0.0439996983210122
0.0476218794780095
0.0392384231899113
0.0335655658176192
0.0298030720325841
0.0361507259604455
0.0279652443333678
0.0301826590156538
0.0378338729148942
0.0293741503598809
0.0370013404693015
0.0279838502431302
0.0308762499234318
0.0271766222028815
0.0320768369773071
0.0250865133647766
0.0274881926375428
0.0231593327907073
0.0231073647049871
0.0282474868630823
0.0329718479585165
0.0260019165742223
0.0237738105302384
0.0246871498151742
0.0213901207516596
0.0233993406252869
0.0201848971524206
0.0238690617299485
0.0262781176277109
0.0263564219709663
0.0207899258571581
0.0216355979811656
0.0203222697210582
0.0274680342405979
0.0265182258711891
0.0316593076317475
0.0282416344887351
0.0356880190411389
0.028318100392809
0.0325092331513011
0.0286964774735025
0.0335335198124674
0.0357509007821092
0.0223269698927409
0.0292396159584314
0.0264525101825473
0.0222412808924862
0.0268272405588468
0.0283391852155976
0.0296834105632679
0.0314067255161734
0.0305137390365572
0.0221124338224242
0.0305632697146516
0.0280664747508789
0.0262970797343459
0.0267545957431922
0.0268034365067031
0.0244881694747272
0.0313726973589962
0.0309835770614539
0.0278411295871343
0.0311852936501241
0.0233791847448186
0.016990923507933
0.0193639292989022
0.0213146029335506
0.0265832029507494
0.0254903287302023
0.0228553196335757
0.0252406056281847
0.0209508461196351
0.0182694436684149
0.0242635397260879
0.0286701217951762
0.0264605591395048
0.0229521330466748
0.0286604812202902
0.0229322089925953
0.0291725571463859
0.0286696520741831
0.0277784738191069
0.0283212188898865
0.0217580370442518
0.0245922401806998
0.0203837216336458
0.0232819530476183
0.02909886757345
0.0249028204323584
0.0229060906587145
0.0258614819229893
0.0284496414582575
