0
0
0
0
0
0
0
0
0
0
0
0
0
0
0
0
0
0
0
0
0
0
0
0
0
0
0
0
0
0
0
0
0
0
0
0
0
0
0
0
0
0
0
0
0
0
0
0
0
0
0
0
0
0
0
0
0
0
0
0
0
0
0
0
0
0
0
0
0
0
0
0
0
0
0
0
0
0
0
0
0
0
0
0
0
0
0
0
0
0
0
0
0
0
0
0
0
0
0
0
0
0
0
0
0
0
0
0
0
0
0
0
0
0
0
0
0
0
0
0
0
0
0
0
0
0
0
0
0
0
0
0
0
0
0
0
0
0
0
0
0
0
0
0
0
0
0
0
0
0
0
0
0
0
0
0
0
0
0
0
0
0
0
0
0
0
0
0
0
0
0
0
0
0
0
0
0
0
0
0
0
0
0
0
0
0
0
0
0
0
0
0
0
0
0
0
0
0
0
0
0
0
0
0
0
0
0
0
0
0
0
0
0
0
0
0
0
0
0
0
0
0
0
0
0
0
0
0
0
0
0
0
0
0
0
0
0
0
0
0
0
0
0
0
0
0
0
0
0
0
0
0
0
0
0
0
0
0
0
0
0
0
0
0
0
0
0
0
0
0
0
0
0
0
0
0
0
0
0
0
0
0
0
0
0
0
0
0
0
0
0
0
0
0
0
0
0
0
0
0
0
0
0
0
0
0
0
0
0
0
0
0
0
0
0
0
0
0
0
0
0
0
0
0
0
0
0
1.30707199222718e-08
4.41643638911871e-08
1.07222853493504e-07
2.11642080607252e-07
3.5798052768276e-07
5.23397513692504e-07
6.57936591749103e-07
6.90621383980346e-07
5.33569555139473e-07
8.80608296417432e-08
-7.94880453650233e-07
-2.28530670659366e-06
-4.57369787287432e-06
-7.88875166801704e-06
-1.24881501536723e-05
-1.86244378653295e-05
-2.65534119117725e-05
-3.64963224283867e-05
-4.8639795766075e-05
-6.31044275403265e-05
-7.99225466699961e-05
-9.90240108566895e-05
-0.000120198127986343
-0.000143073831971078
-0.000167100835546911
-0.000191526494714036
-0.000215374991119446
-0.000237415291835515
-0.000256180604624047
-0.000269950961230854
-0.000276777189642839
-0.000274505127755614
-0.000260785370831839
-0.000233072969700881
-0.000188691526924248
-0.000124876460133611
-3.88328420672067e-05
7.22216492257085e-05
0.000211004899640149
0.000380097912843416
0.000581916540812676
0.00081863789781292
0.00109215251841563
0.00140401166077515
0.00175541482885236
0.00214718382370636
0.0025797166501267
0.00305299344795549
0.00356659509239395
0.00411968324287914
0.00471104841073502
0.00533909770633231
0.0060019234147016
0.00669733692952323
0.00742344475968583
0.00817871821005942
0.00896194699604172
0.00977074967740121
0.0105988295349932
0.0114401719147116
0.0122885134366049
0.0131366681237821
0.0139768445361988
0.0148006466519236
0.0155994303373547
0.0163646893077198
0.0170883372334846
0.0177634157469172
0.0183846698023631
0.0189490646375378
0.019456458680168
0.0199102824892734
0.0203179949936589
0.0206917096571184
0.0210483668182795
0.021409839820282
0.0218032140867723
0.022260490599177
0.022818070808285
0.0235160575930713
0.0243975589132135
0.0255073534578345
0.026890822781127
0.0285922754829259
0.0306539301359456
0.0331142904575558
0.0360062255358455
0.0393563070895718
0.043183238352559
0.0474969570251624
0.0522980387195845
0.0575770411938192
0.0633147066702715
0.0694823243351481
0.0760416602103947
0.0829467166758031
0.0901444248151333
0.0975766213767084
0.10518093689352
0.112893142963562
0.120648891942056
0.128385366578101
0.136043000310156
0.143567161037697
0.150909607765379
0.158029334647857
0.164893379699091
0.171477674524867
0.177766760274415
0.183753693853546
0.189440004780613
0.194834802673341
0.199953732627873
0.204818159961553
0.209453735358891
0.213889301947762
0.218155771740103
0.222284785134073
0.226307710977887
0.230254551514055
0.234153231911743
0.238028947071887
0.241903613321542
0.245795705334203
0.24972015731459
0.253688323304614
0.257708225751428
0.26178462097008
0.265919535651154
0.270112744576736
0.274361981666865
0.278663492499087
0.283012405859043
0.287403172224175
0.291829816893641
0.296286162153323
0.300765950614126
0.305262824252378
0.309770446680033
0.314282749380765
0.318795283937311
0.323306508736873
0.327813091493299
0.332310949638214
0.336796312708814
0.341265663813021
0.345716029525583
0.350145039117535
0.354550760858703
0.358932030729945
0.363288136848769
0.367618928275706
0.371924771179774
0.376206515520349
0.380465437630558
0.384703441916548
0.388922483011247
0.393124600318797
0.39731200777853
0.401486696283733
0.405650355437668
0.409804634053129
0.413950945178783
0.418090194221412
0.422223178433358
0.426350147539847
0.43047127859264
0.434586206894536
0.438694385793751
0.442795222935563
0.446887670060666
0.45097081724766
0.455043833028715
0.459105839844004
0.463156395435738
0.467195263285272
0.471222177009943
0.475237666542818
0.479242152455856
0.483236467535951
0.487221635065252
0.491199294452585
0.495171093500141
0.499138791486625
0.503104197118524
0.507069264453241
0.511035917892065
0.515005743950234
0.518980323329117
0.522961175882369
0.526949330506772
0.530945700686843
0.534950897307802
0.538964947950512
0.542987557586356
0.547018308946542
0.551056301447663
0.555100451605775
0.559149460304938
0.563201591712274
0.567255086549263
0.571308023990039
0.575358549891684
0.579404646278518
0.583444374358001
0.587476012753249
0.591497490570313
0.595506900137584
0.599502347698975
0.603482252638747
0.607445204158822
0.611389755712873
0.615314378687482
0.61921772858051
0.623098396292141
0.626955157996636
0.630786737152752
0.634591538263998
0.638367560853925
0.6421137182248
0.645828985583656
0.649512188562198
0.65316223382325
0.656778119758108
0.66035859062588
0.663903450647587
0.667412323938655
0.670885263549379
0.674322526972906
0.677724418209871
0.681091652948232
0.684425156143972
0.687725942871093
0.690995273333134
0.6942345419824
0.697445230178452
0.700628749028242
0.703786489113691
0.706919528575541
0.710029211304829
0.713116851302941
0.716183610943865
0.719230481720539
0.722258665652692
0.725268840364843
0.728261905368043
0.731238920363703
0.734200772659689
0.737148577310492
0.740083457291571
0.743006499738582
0.745918956035236
0.74882288143201
0.751720088191123
0.754612524663087
0.757502328151764
0.760391464153267
0.763282277146539
0.766176623665654
0.769076253183645
0.771982941373491
0.774897838771362
0.777821904051626
0.780755216375767
0.783697382648144
0.78664775959811
0.789604444122083
0.792565775081108
0.795529806286717
0.79849359646105
0.801454291454986
0.804408797969778
0.80735363652829
0.810285405689486
0.813200615963154
0.816096047999786
0.818969109586221
0.821817206008117
0.824638455523916
0.827431201678743
0.830193981760346
0.832925998743724
0.83562650688455
0.838295035470312
0.840931257311998
0.843535513800425
0.846108060912256
0.84864907387647
0.851158970454056
0.853638845199956
0.856089493419638
0.858512369589249
0.860908226583642
0.863278632102517
0.865625582016389
0.867951323806631
0.870258571174122
0.872550425915485
0.874830425758781
0.877102637247461
0.879372096176317
0.881644127218603
0.883923625025584
0.886215591846034
0.888525503643268
0.89085834611243
0.893218607723107
0.895610629147606
0.898037059189494
0.900500033625921
0.903000219665337
0.905536774400936
0.908107538726439
0.910708512729247
0.913334187069273
0.915977791587767
0.918631001588394
0.921284529846545
0.923928422748638
0.926551923630611
0.929143913431582
0.931693414502918
0.934189929988616
0.936623647837984
0.938985907672435
0.94126945428523
0.943468446381073
0.945579104452846
0.947599046181041
0.949528357367461
0.951368804211337
0.953123430001543
0.954797399964733
0.956397217009369
0.957930444979669
0.959404484729503
0.960828822156751
0.962212129316282
0.963563408184623
0.964890673750223
0.966200929703482
0.967501433633394
0.968797827021919
0.970093904503062
0.971392588422138
0.972694497859554
0.973998942881574
0.975304048915402
0.976607056755043
0.977904326626062
0.979189732684503
0.980457034834703
0.981700630733888
0.982913801365989
0.98408982784462
0.985222813010799
0.986307141247346
0.98733787284057
0.988310124112817
0.989220150786144
0.990065843085501
0.990845387791614
0.991558233061586
0.99220505714616
0.992786404907913
0.993303622727362
0.993759169714761
0.994155369529488
0.994494368275591
0.994779141030862
0.995012673774848
0.99519755808013
0.995336055832166
0.995430407539065
0.995482252150223
0.995493851354247
0.995466683574975
0.995402125603253
0.995301909000924
0.995167308496064
0.99499975477277
0.994801191622278
0.9945736388799
0.994319580563294
0.994042219401296
0.993745206701404
0.99343263787694
0.993108995437685
0.992779759540174
0.992450118571834
0.992125117005426
0.991810834347656
0.991513062076238
0.991237330608094
0.990989339258519
0.990773837565987
0.990595003034538
0.990456297361087
0.990360070750591
0.990307627593323
0.990299272905156
0.990334067457728
0.990410358442782
0.990525063451397
0.990674290204459
0.990852915878004
0.991055164633062
0.99127434473093
0.991503311423748
0.991734776838401
0.991961098846458
0.992174552884933
0.992367292453727
0.992532243687492
0.992663008455665
0.992753022139547
0.992796765719867
0.992789173491907
0.992726334795254
0.992604229632932
0.992420934188014
0.992174676106929
0.991865154910331
0.991492582218588
0.991057356999741
0.99056108723573
0.990006331168525
0.989395885216777
0.98873367592744
0.988023505447344
0.987269381446286
0.986474822893364
0.985644002144972
0.984782168967175
0.983893035357092
0.982980155947487
0.982047641191089
0.981098787341375
0.980136217469712
0.979162297800841
0.978178775029867
0.977187519354619
0.97618861858925
0.97518184881079
0.974166942715474
0.973142976658651
0.972108530412605
0.971062290663813
0.970002653255677
0.968927163307905
0.967833674724925
0.966719987415727
0.965583727518189
0.964422845593227
0.963235661232794
0.962020803460655
0.960777427795824
0.959504821275851
0.958202516861765
0.956870509706201
0.955509130973693
0.954118856791773
0.952700804563334
0.951256134075737
0.949785865677053
0.948291648217642
0.946774731532058
0.945236561436169
0.943678463087833
0.942101968129008
0.940508249210525
0.93889811333138
0.937272627399842
0.935632536830225
0.933977692390919
0.932308118297907
0.930623945260428
0.928924760050588
0.927210301849319
0.925480219709093
0.923734008821238
0.921971430469609
0.920192170698197
0.918395520070936
0.916581024388255
0.914748462980506
0.912897870025216
0.911029035165213
0.909142123471681
0.907237456336321
0.905315384299187
0.903376282402143
0.901420391433032
0.899448305568364
0.897460621701399
0.895457407449574
0.893438619683333
0.891404230205323
0.8893540389581
0.887287535600558
0.885203941934713
0.883102151184876
0.880980603677907
0.87883739004716
0.876670587374577
0.874478149424261
0.872257780899107
0.87000713571229
0.867724050837022
0.8654063248878
0.863052011840078
0.860659193903999
0.858226493987761
0.855752764913925
0.853237439233608
0.850680296128331
0.848081364390202
0.845441627387646
0.842762170585101
0.840044568360507
0.837291082424846
0.834504254025306
0.83168686662276
0.828841913125548
0.825972425529539
0.823081964801574
0.820173633717913
0.817250501016046
0.814315660915365
0.811371899502401
0.808421637191486
0.805467032439283
0.802509834998244
0.799551723444836
0.796593811180656
0.793636942709489
0.790681773602698
0.787728613535603
0.784777598498069
0.781828611470886
0.778881475027788
0.775936009638895
0.772992014956778
0.770049132740002
0.767107073914359
0.76416551103047
0.761224274268193
0.758283135641177
0.755341521837118
0.752399270494121
0.749455897951346
0.746510856900474
0.743563418829113
0.740612907441197
0.737658218748195
0.734697894157284
0.731730437651449
0.728753695601907
0.72576546634805
0.722763222168475
0.719744351131271
0.716706272858983
0.713646173166828
0.710561178361346
0.707448397906914
0.704305204951962
0.701129554762594
0.697919431932649
0.694673237565589
0.691390429879268
0.688070446891778
0.684713745355731
0.681321266633821
0.677895268192005
0.674435670933281
0.67091653455038
0.667360699846958
0.663783308842545
0.660197312076377
0.656613148375659
0.653039799982168
0.649496943820395
0.646006844702995
0.642589450661917
0.63926212149276
0.636042085084816
0.632937137514516
0.629960460892256
0.627093023297293
0.624331887735025
0.621658196881415
0.619037442519218
0.616426149628009
0.613768932696055
0.610999032011248
0.608040144215147
0.604807210203775
0.601208204195451
0.59714699924974
0.592526050982423
0.587251174880715
0.581232975997581
0.574392666695629
0.566658224754911
0.557971890528572
0.548304766394012
0.537626063738952
0.525923780183082
0.513235750832252
0.499599057917965
0.485072277187963
0.46973801261635
0.453687990086223
0.437045965684044
0.419931310932537
0.402486863452527
0.384859680263441
0.367202631921207
0.349670060014359
0.332414523769579
0.315584213079743
0.299321068507188
0.283758819650275
0.269018143792294
0.255204337319291
0.24241015576573
0.230711908722918
0.220168603343359
0.210822033185679
0.202700798033378
0.195812751500671
0.190132848986937
0.185620956727049
0.182217768865235
0.179845384567742
0.178406736684704
0.177789247154033
0.177865756109745
0.178498152801788
0.179539182511699
0.180839359272482
0.182248402991235
0.183617891971749
0.184815667222227
0.185716409483232
0.186212568647993
0.186225945050679
0.185698046368655
0.184599298958763
0.182929953180216
0.180720716508787
0.178031335793634
0.174948324088858
0.171582596570209
0.168061130463352
0.164540028378145
0.161179998003084
0.158147868092337
0.155626349586053
0.153740810980571
0.152620877285601
0.152382916328851
0.153120350375469
0.154897114736476
0.157728974060166
0.161597141977933
0.166450691723616
0.172205879432765
0.178741338948035
0.185903237390166
0.193504798914179
0.201358924193133
0.209241900179699
0.216935211154987
0.224220153758018
0.230884107258773
0.236729546069606
0.241582438803389
0.245292809294379
0.247741486244356
0.248846224294705
0.248556233224594
0.24685517137194
0.243765210407018
0.239343335880962
0.233675895407421
0.226881933053417
0.219102692672082
0.21048829054718
0.20122254394427
0.191492644736577
0.181463006107524
0.171320691624672
0.161243193490934
0.15139115662488
0.141916435796433
0.132936336411601
0.124564863731584
0.116879005784697
0.109937031671686
0.103771861642861
0.0983928726052777
0.0937869497486913
0.0899199075663774
0.0867380320483831
0.0841709045813718
0.0821371748909371
0.0805472389937801
0.0793031081269303
0.0783055738602772
0.0774573276061796
0.0766657535786872
0.0758426666296186
0.0749142515819068
0.0738302562023203
0.0725453138435665
0.0710268599833284
0.0692559451376069
0.0672287450374221
0.0649538454708015
0.0624523686567981
0.0597552773876951
0.0569023856661672
0.0539375255772044
0.0509088915264701
0.0478675085820747
0.0448566777452557
0.0419237746056384
0.0391099843971427
0.0364435630452387
0.0339517932191068
0.0316526578205326
0.0295554737344485
0.0276617483642334
0.0259662111205994
0.0244578804426241
0.0231211659054678
0.0219392099958587
0.0208809868945278
0.0199226374519932
0.0190413757743765
0.0182161321078283
0.0174282355004218
0.0166613485103308
0.0159018617464524
0.0151398273010305
0.0143676044737281
0.0135840047306518
0.0127882662315137
0.0119810756696997
0.0111639057247239
0.0103417632406516
0.00952578863849402
0.00872273663045558
0.0079406686279974
0.00718340535276077
0.00645358207535104
0.00575903083841914
0.00510430641474031
0.00449260448927368
0.00392402237661205
0.00339967313020229
0.00291963521379798
0.00248117562328991
0.00208519518809781
0.0017324503994709
0.00141902592788779
0.00114158923283273
0.000897711581523725
0.000684980134734333
0.000501086131089905
0.000343785176599379
0.000210869274772931
0.00010011290730098
9.2296277342266e-06
-6.30058490228471e-05
-0.000118875344157992
-0.000160336707278543
-0.000188891236185011
-0.000205860369036435
-0.00021295264356952
-0.000212003027324105
-0.000205097281165978
-0.000193720230044185
-0.000179145573431354
-0.000162474778329125
-0.000144654949648761
-0.000126502960766739
-0.000108659755856011
-9.16548283106158e-05
-7.58664048527477e-05
-6.15400396132053e-05
-4.88232891155209e-05
-3.77918790353077e-05
-2.84508878022241e-05
-2.07359081755067e-05
-1.4514392729876e-05
-9.64469707372084e-06
-5.95492159991696e-06
-3.28778712095206e-06
-1.46155203110366e-06
-2.89054245515642e-07
3.68510413033686e-07
6.67693994666287e-07
7.26200194682406e-07
6.30428738827935e-07
4.68328309433443e-07
2.87386094748451e-07
1.37175113627106e-07
4.03716591147588e-08
0
0
0
0
0
0
0
0
0
0
0
0
0
0
0
0
0
0
0
0
0
0
0
0
0
0
0
0
0
0
0
0
0
0
0
0
0
0
0
0
0
0
0
0
0
0
0
0
0
0
0
0
0
0
0
0
0
0
0
0
0
0
0
0
0
0
0
0
0
0
0
0
0
0
0
0
0
0
0
0
0
0
0
0
0
0
0
0
0
0
0
0
0
0
0
0
0
0
0
0
0
0
0
0
0
0
0
0
0
0
0
0
0
0
0
0
0
0
0
0
0
0
0
0
0
0
0
0
0
0
0
0
0
0
0
0
0
0
0
0
0
0
0
0
0
0
0
0
0
0
0
0
0
0
0
0
0
0
0
0
0
0
0
0
0
0
0
0
0
0
0
0
0
0
0
0
0
0
0
0
0
0
0
0
0
0
0
0
0
0
0
0
0
0
0
0
0
0
0
0
0
0
0
0
0
0
0
0
0
0
0
0
0
0
0
0
0
0
0
0
0
0
0
0
0
0
0
0
0
0
0
0
0
0
0
0
0
0
0
0
0
0
0
0
0
0
0
0
0
0
0
0
0
0
0
0
0
0
0
0
0
0
0
0
0
0
0
0
0
0
0
0
0
0
0
0
0
0
0
0
0
0
0
0
0
0
0
0
0
0
0
0
0
0
0
0
0
0
0
0
0
0
0
